158 224 173
249 225 197
236 214 223
176 233 190
270 258 297
185 266 100
216 260 119
256 169 296
171 171 264
290 218 153
222 182 147
165 212 121
192 236 132
130 267 165
256 251 195
151 109 250
174 103 218
286 208 116
235 289 146
113 187 241
142 198 110
162 167 155
116 164 253
291 225 244
269 152 201
185 200 233
161 110 218
229 241 215
186 226 165
113 138 199
123 155 188
202 102 227
252 271 161
134 229 269
264 184 275
246 240 132
216 252 159
264 242 139
238 225 177
278 227 158
238 161 146
179 127 176
268 141 136
163 104 237
131 152 157
266 240 195
202 103 184
211 100 199
226 108 159
152 200 236
