256 233 168
193 266 175
206 164 170
238 146 282
178 106 106
164 278 119
229 200 258
173 131 223
139 161 180
121 181 185
270 239 220
147 174 213
231 226 255
154 102 102
120 261 276
288 127 142
175 239 171
222 292 177
280 204 256
234 228 100
138 218 270
142 124 222
198 225 264
253 207 106
294 261 249
101 299 266
284 294 166
298 198 293
101 208 165
132 116 258
177 198 173
209 176 141
195 238 141
232 152 252
179 231 287
261 235 189
132 108 109
185 279 220
242 161 239
235 112 171
219 255 200
289 236 132
193 281 246
182 135 198
277 185 254
262 260 243
208 241 289
299 174 163
269 128 251
278 231 280
