147 196 239
272 228 163
268 212 134
273 165 196
159 160 243
223 153 168
237 155 110
233 200 170
220 220 262
139 192 294
127 255 135
130 132 281
295 162 171
193 275 186
172 181 190
281 289 196
231 285 244
265 155 161
299 288 145
261 247 248
110 251 267
253 297 289
239 201 248
144 163 230
145 232 217
258 277 165
187 168 166
107 188 255
146 265 211
297 151 157
169 114 190
284 228 131
149 148 236
138 228 144
226 160 234
263 249 126
103 217 260
117 281 175
215 225 237
254 194 273
179 264 296
237 205 207
206 140 176
190 230 186
200 151 139
130 154 258
135 166 218
272 200 200
269 165 186
291 137 251
