279 286 274
155 171 249
250 221 121
234 268 119
170 189 297
298 261 130
137 290 158
136 273 113
163 153 289
191 200 145
116 148 258
267 281 132
208 186 158
118 214 242
164 113 267
217 149 164
227 189 186
248 111 186
137 219 279
152 188 108
209 103 293
238 147 232
221 204 245
146 204 183
122 198 114
263 285 135
220 155 249
201 170 254
256 133 230
121 205 278
215 199 253
139 299 168
263 105 291
214 149 181
176 246 122
115 227 211
211 181 106
109 251 243
191 136 103
196 154 285
160 295 111
154 190 224
170 134 105
138 271 101
203 181 254
228 138 293
251 234 290
279 276 268
262 248 107
139 142 123
