249 200 231
205 196 194
199 209 175
110 202 102
221 192 217
165 279 113
214 267 243
218 203 177
297 279 156
132 153 244
145 285 232
239 187 191
106 289 288
263 185 218
162 189 243
144 289 183
194 276 153
196 212 257
246 188 227
113 124 257
143 222 187
273 127 146
159 243 271
212 109 156
156 112 274
245 234 217
166 139 270
149 157 210
167 101 214
119 127 224
229 225 200
163 203 290
170 143 221
296 193 286
186 218 267
115 181 249
174 150 267
198 128 161
278 178 225
259 144 237
162 206 260
262 201 166
126 188 284
272 218 263
267 284 121
246 138 201
169 206 284
220 220 147
171 237 136
110 164 238
103 115 104
208 148 246
180 251 214
194 194 250
186 109 224
201 176 291
174 205 176
230 134 150
181 279 108
163 143 275
237 218 111
277 100 130
179 164 238
111 185 105
231 281 232
191 230 282
218 215 211
266 103 278
137 257 115
270 191 168
182 110 160
260 156 119
250 144 147
156 260 165
178 100 192
257 266 168
224 226 116
163 220 157
193 299 122
288 177 267
