235 284 151
284 213 154
287 172 288
205 185 284
174 279 200
116 135 231
296 204 251
124 210 259
135 181 292
278 260 198
288 186 222
233 244 278
144 126 274
215 292 248
213 297 112
246 244 231
277 219 131
224 296 139
133 198 251
106 254 284
118 154 181
243 295 232
134 129 281
204 133 295
176 148 239
277 282 148
170 276 233
267 142 263
214 173 195
239 175 161
113 274 169
158 206 215
169 207 273
209 227 135
206 118 158
267 147 274
287 291 215
261 225 213
250 285 255
294 112 193
272 229 295
140 297 111
199 210 280
168 129 298
164 244 112
256 234 226
100 190 219
282 142 278
289 139 142
167 288 227
200 297 297
164 277 286
130 159 101
112 145 208
242 297 199
118 175 259
201 293 192
180 202 122
291 117 277
250 140 231
157 136 207
115 199 153
246 285 207
237 235 204
120 292 279
104 216 146
208 192 215
129 105 160
136 105 139
100 111 183
177 107 163
239 282 242
245 135 200
275 158 226
133 179 248
118 189 205
282 123 134
126 159 175
284 150 184
291 209 263
