234 241 218
172 153 240
296 120 125
205 135 130
177 102 229
292 233 184
261 153 189
134 193 294
126 285 109
222 182 102
144 246 108
160 196 118
124 226 100
160 110 267
125 257 133
126 261 169
231 285 120
161 172 232
146 119 255
114 167 289
177 241 245
148 109 232
163 231 215
298 131 129
206 165 218
172 296 257
217 204 117
140 180 224
211 291 279
284 296 175
265 272 255
145 152 297
289 107 116
266 268 157
256 215 106
161 146 197
256 211 268
273 223 184
299 124 144
179 125 247
247 278 280
249 258 187
101 186 259
166 187 155
153 262 111
277 189 201
145 266 112
169 283 243
154 127 218
239 133 282
271 157 152
276 151 151
111 162 198
171 224 213
187 103 177
274 205 216
188 282 195
262 236 286
280 240 138
292 213 247
216 295 289
298 158 125
252 230 235
226 249 231
179 212 161
216 247 284
196 155 147
144 291 117
104 151 121
153 186 154
136 183 283
259 191 225
126 205 169
106 248 104
225 259 273
127 185 180
113 280 250
131 277 239
286 148 216
159 169 157
