210 204 150
150 277 205
121 274 224
254 187 289
242 239 159
283 102 282
235 172 253
207 148 107
234 223 168
126 160 296
139 100 176
140 177 110
255 166 155
251 260 122
180 110 215
184 123 238
213 197 115
154 160 117
253 135 148
193 295 271
172 264 182
295 146 214
271 246 277
262 212 125
221 101 146
112 226 173
230 199 266
242 296 121
194 221 215
150 140 234
100 198 278
264 131 259
131 164 292
193 299 162
248 158 198
282 127 265
165 275 246
115 193 198
245 236 197
266 135 244
118 279 243
184 156 185
143 100 216
171 284 211
293 165 212
248 187 188
240 103 246
141 102 286
269 125 224
170 279 112
176 215 272
172 127 223
152 225 285
118 253 271
290 264 207
292 235 287
241 177 288
181 272 184
299 203 211
164 163 188
226 124 278
177 188 141
165 241 112
131 169 140
165 220 187
148 181 202
281 145 268
195 293 264
294 151 135
223 142 165
163 119 164
193 205 278
262 166 289
161 167 196
135 106 124
182 163 132
115 131 251
216 239 255
185 210 190
294 248 245
