138 170 125
184 206 142
180 211 129
168 208 170
185 276 254
242 132 232
247 156 169
116 193 299
285 120 213
132 106 154
280 234 130
266 147 270
193 140 245
296 256 170
201 172 182
291 282 123
209 212 266
173 154 210
194 208 295
193 276 280
209 275 188
163 214 144
253 103 249
103 272 187
141 263 215
159 145 276
279 184 261
249 108 132
194 238 110
214 168 174
209 279 297
152 251 178
130 280 143
145 170 154
246 145 163
274 173 207
278 170 145
141 115 177
279 205 278
292 264 193
172 132 266
229 157 117
130 106 276
286 228 295
193 233 157
294 287 256
176 240 169
290 181 230
152 233 248
117 120 169
213 149 296
272 137 166
248 292 155
120 253 189
170 101 136
161 248 285
133 133 228
126 118 279
245 278 159
293 210 167
