237 102 293
282 137 214
211 209 251
121 173 264
103 164 171
230 270 255
169 107 160
255 243 124
109 149 204
239 223 171
255 111 155
186 220 125
111 275 196
251 149 112
152 102 205
286 267 223
281 210 201
286 298 205
207 165 249
197 297 148
119 265 258
237 253 192
190 166 160
191 172 255
140 173 223
111 289 117
260 224 267
288 165 211
155 204 276
153 235 125
155 287 159
245 128 229
231 291 207
299 241 198
223 216 187
149 150 153
126 220 168
243 102 236
115 157 237
104 246 100
208 288 128
100 274 100
212 112 284
111 218 223
118 149 241
171 167 266
161 127 279
160 277 228
262 236 181
272 110 174
113 228 211
124 250 272
251 186 107
149 241 103
172 246 227
127 111 156
291 200 259
205 258 236
294 168 272
251 160 104
