166 225 155
143 188 268
156 274 274
223 168 236
123 292 168
291 177 100
241 248 162
224 161 249
151 241 164
260 270 196
180 267 223
254 271 273
123 143 130
295 136 286
204 123 161
122 125 189
226 111 149
111 170 229
233 289 225
265 288 287
289 142 187
287 265 228
259 170 251
131 269 199
183 292 168
134 201 276
287 264 214
230 274 224
252 236 255
246 191 130
110 112 271
263 194 157
199 104 227
224 297 195
248 253 244
269 169 171
263 200 243
262 192 269
221 288 253
226 272 155
236 224 283
237 142 179
268 217 270
167 218 270
159 131 231
294 131 197
123 213 112
122 164 116
284 248 242
105 186 226
286 293 229
119 299 177
129 223 157
294 209 291
269 240 282
120 182 158
135 280 154
136 166 117
198 237 103
114 221 249
