183 115 153
176 103 237
221 275 141
126 242 200
150 216 112
153 216 238
235 188 186
136 262 266
248 264 165
294 267 100
256 271 173
208 275 236
258 119 274
219 242 278
114 143 210
133 187 172
147 155 185
247 274 253
266 206 230
170 298 161
241 150 138
140 165 297
239 115 160
100 198 129
154 279 165
100 291 105
197 120 210
229 243 102
256 126 174
297 274 239
283 158 109
201 277 245
284 194 112
176 229 262
292 191 211
229 102 133
188 121 210
122 249 154
109 262 174
287 191 263
272 187 254
263 211 122
117 206 206
255 171 103
198 132 160
185 118 292
155 212 160
168 102 214
166 252 195
218 113 133
152 299 283
114 293 178
160 268 270
186 238 188
212 180 101
191 231 292
249 272 158
263 173 234
294 287 242
216 176 189
