212 262 174
132 178 236
148 175 179
146 287 200
106 197 285
293 186 119
106 101 188
230 146 113
133 186 214
247 268 120
233 101 122
159 210 166
129 198 124
204 279 113
288 283 196
222 148 102
230 168 165
208 134 119
136 208 195
178 135 162
165 275 223
150 100 173
269 240 151
140 121 259
120 248 202
114 140 232
121 285 280
279 218 276
159 214 165
211 161 262
139 170 182
279 252 232
160 178 141
156 237 192
206 239 179
189 250 249
295 149 160
246 262 137
134 157 244
245 173 277
163 209 295
124 259 266
229 222 104
173 237 214
161 103 105
140 237 180
283 251 208
274 252 174
187 105 292
174 169 201
259 106 213
120 126 276
145 262 109
244 154 231
282 139 215
149 228 158
104 127 161
269 228 107
234 207 282
275 224 220
105 134 228
287 155 286
116 221 204
265 234 206
136 206 254
103 131 206
220 146 218
173 296 291
174 163 246
263 185 116
