268 116 153
292 286 108
222 274 272
153 282 115
156 126 234
208 101 150
192 177 103
299 179 224
106 223 124
282 253 186
105 101 280
104 130 155
249 118 136
242 120 185
189 141 278
172 111 266
200 244 119
208 170 249
222 229 238
259 150 290
171 118 182
244 290 204
176 128 276
190 268 154
296 279 208
153 233 124
135 186 187
235 173 272
174 296 189
133 267 262
121 160 219
168 209 211
271 252 152
175 242 104
135 206 259
133 220 245
295 204 262
148 139 113
263 156 207
163 260 204
157 164 289
247 217 156
101 253 259
260 149 148
215 241 181
252 246 184
176 148 165
248 240 236
227 120 257
136 177 126
136 221 178
177 210 195
297 172 191
111 289 256
237 276 151
188 280 166
268 132 231
194 216 155
250 133 272
157 127 208
280 278 260
157 235 161
239 152 143
238 114 197
102 156 146
258 118 166
294 136 266
276 172 236
258 137 295
252 278 173
