192 204 259
184 144 184
167 228 133
250 112 221
251 148 149
108 117 112
119 131 284
162 142 166
142 272 297
164 187 254
207 118 179
106 291 298
196 113 229
140 199 188
266 266 297
107 221 131
231 179 167
259 187 247
234 173 252
113 220 262
266 235 287
162 182 159
197 285 159
103 177 120
161 217 176
253 232 227
126 161 131
143 116 246
212 187 271
202 219 248
253 295 122
276 209 120
132 262 150
140 262 166
183 250 247
126 276 130
140 241 298
172 204 183
226 247 258
186 105 199
265 216 119
284 274 125
248 100 296
131 113 220
213 225 157
224 165 262
149 116 184
273 245 166
118 263 179
179 298 143
187 266 129
253 174 273
276 217 177
194 280 179
210 217 271
134 237 173
247 126 236
152 297 151
245 189 188
212 269 173
264 272 218
238 294 204
135 177 252
246 200 110
111 266 253
198 257 103
212 181 258
105 215 274
138 143 180
156 108 161
