229 262 134
243 184 263
111 137 175
190 279 101
211 174 270
108 160 217
177 298 170
166 125 170
267 223 296
226 201 250
235 254 236
146 107 256
261 289 231
153 138 116
236 167 199
203 196 178
102 115 278
164 239 218
206 277 194
119 109 240
265 227 195
262 259 288
113 197 299
260 179 148
255 106 258
214 260 141
192 224 215
226 213 161
231 289 246
101 214 103
229 238 213
228 195 167
295 124 226
270 246 252
240 286 298
282 109 214
120 177 197
266 167 176
241 283 205
102 120 222
192 285 291
246 193 128
223 182 291
153 147 279
106 140 224
155 126 265
192 252 262
242 248 251
129 170 167
168 215 158
193 147 263
131 261 174
122 139 265
111 196 277
272 181 259
128 121 230
207 164 225
138 146 149
275 224 113
284 260 243
128 148 139
161 116 286
237 264 290
234 111 197
213 283 220
178 124 244
239 131 234
277 298 150
191 277 252
277 100 138
